20260121180853
20260121182128
20260121184216
20260122014349
20260124094459
20260127084222
20260127173706
20260127182011
20260127182032
20260128165941
20260128180138
20260129023934
20260129051054
20260129123811
20260201160250
20260202064240
20260202075421
20260202090807
20260203093000
20260204103005
20260204110000
20260205100000
20260205123000
20260205140000
20260205170000
20260205193000
20260205201500
20260206030939
20260206031042
20260206031138
20260206031245
20260206031402
20260206101500
20260206113000
20260206150000
20260207090000
20260207123000
20260213044511
20260213044539
20260214080508
20260217013338
20260227153000
